11111111111111111111111111111111111111111111111111
11111111111111111111100111111110000011111111111111
11111111111111111111000011111100000001111111111111
11111111111111111110000000000000000000111111111111
11111111111110001100000000000000000000001111111111
11111110011100000000000000000000000000000111111111
11111100001100000000000000000000000000000011111111
11111000001110000000000000000000000000000001111111
11111000001110000000000000000000000000000000111111
11111000011110000000000000000000000000000000001111
11110000011110000000000000000000000000000000000111
11100000011111001100000000000000000000000000000011
11100000001111111110000000000111111100000000000011
11100000000111111110000000001111111110000000000011
11110000000011111110000000001111111111111000000011
11110000000001111110000000001111111111111100000011
11111000000001111110000000011111111111111110000011
11111000000000111110000000011111111111111111000011
11111000000000011111000000011111111111111111000011
11111100000000001111000000011111111111111110000011
11111110000000000110000000011111111111111000000011
11111111000000000000000000001111111111110000000011
11111111100000000000000000001111111111110000000011
11111111100000000000000000001111111111110000000011
11111111100000000000000000000111111111110000000111
11111111100000000000000000000011111111100000001111
11111111100000000000000000000011111000000000001111
11111111100000011000000000000011110000000000000111
11111111102000111100000000000001100000000000000011
11111111122201111100000000000000000000000000000011
11111111222221111110001100000000000000000000000011
11111111222221111111111110000000000000000000000111
11111112222211111111111111000000000000011000111111
11110000222111111111111111100000000000111111111111
11100000020111111111111111110000000000111111111111
11100000000111111111111111110000000000011111111111
11100000000111111111111111110000000000000000011111
11100000000011111111111111111000000000000000001111
11100000000001111111111111111100000000000000000111
11100000000001111111111111111100000000001100000011
11000000000001111111111111111000000000011111000001
11000000000011111111111111111000000000111111100001
11100000000011111111100111111000000000111111110011
11110000000011111111000012222000000000011111111111
11111000000001111110000022222200000000001111111111
11111000000000111110000222222220000000000111111111
11111000000000011110000022222200000000000011111111
11111100000000111110000002222100000000000011111111
11111111111111111111000011111111110000000111111111
11111111111111111111111111111111111111111111111111
