11111111111111111111111111111111111111111111111111
11111111111111111111111111111111111111111111111111
11111111111111111111111111111111111111111111111111
11111111111111111111111111111111111111111111111111
11111111111111111111111111111111111111111111111111
11111111111111111111111111111111111111111111111111
11111111111111111111111111000111111111111111111111
11100111111111111111111120000011111111111111111111
11000011111111111111112222000011111111111111111111
11000011111111111111222222200111111111111111001111
11100001111111111122222222001111111111111110000111
11110000111111111222222221111111111111111100000011
11111000000001102222222211111111111111111100000011
11111000000000000222221111111111111111111110000011
11111000000000000022111111111111111111111110000011
11111000000000000111111111111111111111111110000111
11111100000000000111111111111111111111111100000111
11111110000000000111111111111111111111111000000111
11111111000000000111111111111111111111111000000011
11111111100000000111111111111111111111111000000011
11111111110000000111111111111111111111111020000011
11111111111000000011111111111111111111111222000011
11001111111000000011111111111111111111112222200111
10000111110000000001111111111111111111122222111111
10000011110000000000111111111111111111222221111111
10000001110000000000011111100111111111222221111111
10000001111000111000000111000011111112222211111111
10000011111111111100000000000011111110222111111111
10000011111111111100000000000011111100021111111111
11000011111111111100000000000011111100000111111111
11100011111111111100000000000011111100000111111111
11100001111111001000000000000011111100000111111111
11100000011110000000000000000011111100000111111111
11110000000000000000000000000001111100000011111111
11110000000000000000000000000001111102000001111111
11110000000000000000000000000000111222200000111111
11111001100000000000000000000000012222220000011111
11111111110000000000110000000000022222200000011111
11111111110000000001111000000000002222111000111111
11111111111000000001111110000000000221111100111111
11111111111100000001111111100000000011111100011111
11111111111100000001111111110000000011111000011111
11111111111100000000111111111000000111111000011111
11111111111110000000111111111000001111111000111111
11111111001100000001111111111000001111111100111111
11111110000000000001111111111000001111111100111111
11111110000000000001111111111000000111111111111111
11111111000000110011111111111100000111111111111111
11111111100001111111111111111111001111111111111111
11111111111111111111111111111111111111111111111111
