11111111111111111111111111111111111111111111111111
11111111111111111111111111111111111111111111111111
11111111111111111111111111111111111111220001111111
11111111111111111111111111111111111122222000111111
11111111111111111111111111111111112222222200111111
11111111111111111111111111111111222222222000111111
11111111111111111111111100111122222222221001111111
11111111111111111111111000011222222222111111111111
11111111111111111111111000002222222211111111111111
11111111111111111111111102022222221111111111111111
11111111100011111111111122202222111111111111111111
11111111000001111111111222221211111111111111111111
11111111000000111111111122222111111111111111111111
11111111000000011111111112222211111111111111111111
11111111000000011111111111222221111111111111111111
11111110000000011111111111222221111111111111111111
11111110000000111111111111122222211111111111111111
11111110000000111111111111112222221111111111111111
11111111000000111111111111111222222111111111111111
11111111110001111111111111111002222211111111111111
11111111110001111111111111111100222221111111111111
11111111100001111111111111111111222221111111111111
11111100000001111111111111111111122222111111111111
11111000000001111111111111111111112220011111111111
11111000000001111111111111111111111200001111111111
11111000000001111111111111111111111000000111111111
11110000000000111111111111111111111100000001111111
11100000000000111111111110011111111100000000111111
11000000000000011111111100001111111100000000011111
11000000000000000001111000000111111110000000001111
11100000000000000000110000000001111111000000000111
11110000000000000000000000000000111111000000000011
11111000000000000000000000000000111110000000000011
11111000000000000000000000000000011000000000000011
11111100000000000000000000000000000000000001100111
11111110000000000000000000000000000000000011111111
11111111000011100000000000000000000000000011111111
11111111000111110000000000000000000000000011111111
11111111111111111000000000000000000000000001111111
11111111111111111100000010000000000111111000011111
11111111111111111100000111000000011111111100000011
11111111111111111000000111000000111111111110000001
11111111111111110000000111000000111111111110000001
11111111111111100000000111000000111111111111000001
11111111111111000000000111000000111111111111100001
11111111111110000000001110000000011111111111110011
11111111111110000000011110000000011111111111111111
11111111111111000000111111000000111111111111111111
11111111111111111111111111111111111111111111111111
11111111111111111111111111111111111111111111111111
