11111111111111111111111111111111111111111111111111
11111111111111111111111111111111111111111111111111
11111111111100111111111111111111111111111111111111
11111001111000001111111111111111111111111000111111
11110000110000000111111111111111111111110000011111
11110000000000000111111111111111111111100000001111
11110000000000000111111111111111111111000011000111
11100000000000000111111111111111111100000111100011
11100000000000000011111111111111111000000111100011
11110000000000000001111111111111111000000111100011
11111000000000000001111111111111111000001111000011
11111000000000000001111111111111110000011111000011
11111000000000000001111111111111110000011110000011
11111100000000000000111111111111110000001110000011
11111100000000000000011111111111111020001110000011
11111110000000000000011111111111111222011111000011
11111111000000000000111111111111112222211111000011
11111111000000000001111111111111122222111111000001
11111111000000000011111111111111222221111111100001
11111110000000000011111111111112222211111111110011
11111110000000000111110000111122222111111111111111
11111111000000001111100000000222221111111111111111
11111111100000001111100000000022211111111111111111
11111111110000001111000000000002111111111111111111
11111111110000001111000110000000011111111111111111
11111111110000000110001111000000001111111111111111
11111111111000000000001111000000001111111111111111
11111111111100000000000110000000011111111111111111
11111111111111110000000000000000011111111111111111
11111111111111111100000000000000011111111111111111
11111111111111111110000000000000001111111111111111
11111111111111111110000000000000001111111111111111
11111111111111001111000000000000001111111111111111
11111111111110000110000000011000001110011111111111
11111111111110000000000000111100011100001111111111
11111110011110000000000000111100111100000111111111
11111100001111000000000000111100111110000111111111
11110000001111000000000000011000111110000111111111
11100000001111000000000000000001111100000111111111
11100000011111000000000000000001111100000111111111
11110000011111000000000000000001111100000011111111
11110000111111000000000000000000111110000011111111
11111000111111000000000000000000011110000011111111
11111000011110000011000000000000001100000011111111
11111000000000000111100000000000000000000001111111
11111000000000000111110000000000000000000001111111
11111100000000000111110000000000000000000011111111
11111110000000000111111000000000000000000011111111
11111111111110001111111100000110000000000111111111
11111111111111111111111111111111111111111111111111
