11111111111111111111111111111111111111111111111111
11111111111111111111111111111100000111111111111111
11111001111111111111111111111000000011110011111111
11110000001222222001111111111000000011100000000111
11110000002222222200111111111000000001100000000011
11111000022222222220001111111100000001110000000011
11111000002222222200000111111110000001110000000011
11110000000222222100000111111111000000100000000111
11100000000111111110000011111111000000000000000111
11000000001111111111000001111110000000000000000111
11000000011111111111000000111100000000000000000011
11000000011111111111000000011000000000000000000011
11000000011111111111000000000000000000000000000111
11000000001111111111000000000000000000000000000111
11000000001111111111100000000000000000000000000111
11000000001111111111100000000000000000000000000011
11000000011111111111110000000000000011000000000001
10000011111111111111111100000000000111100000000001
10000111111111111111111110000000000111100000000011
10000111111111111111111111000000000011000000000011
10000111111111111111111111000000000000000000000011
10000111111111111111111110000111000000000000000011
11001111111111111111111111001111100000000000000011
11111111111111111111111111111111110000000000000001
11111111111111111111111111111111110000000000000001
11111111111111111111111111111111110000000000000001
11111111111111111111111111111111100000000000000001
11111111111111111111111111111111000000000000000011
11111111111111111111111111111100000001110000000011
11111111111111111111111111111000000011111000000011
11111111111101111111111111111000000111111000000011
11111111111000111111111111111000000111110000000011
11111111111000111111111111111000000011100000000111
11111111110000111111111111111000000000000000000111
11110000000000011111111111122000000000000000000011
11100000000000011111111112222200000000000000000011
11000000000000001111111122222220000000000000000011
11000000000000000001112222222211000000000000000111
11000000000000000000122222222111100000000000001111
11100000000000000000222222211111110000000000011111
11100000000000000002222221111111111100000000111111
11100000000000000000222211111111111110000000111111
11110000000000000000021111111111111110000000011111
11110000000000000000001111111111111111000000001111
11100000000000000000001111111111111111100000001111
11100000000000000000000111111111111111100000001111
11100000000000000000000011111111111111110000001111
11110000000001100110000011111111111111111100001111
11111100111111111111000111111111111111111110011111
11111111111111111111111111111111111111111111111111
