111111111111111111111111111111111111111111111111111111111111
111111111111111111111111111111111111111111111111111111111111
111111111111111111111111111111111111111111111111111111111111
111111111111111111111111111111111111111111111111111111111111
111111111111111111111111111111111111111111111111111111111111
111111111111111111111111111111111111111111111111111111111111
111111111111111111111111111111111111111111111111111111111111
111111111111111111111111111111111111111111111111111111111111
111111111111111111111111111111111111111111111111111111111111
111111111111111111111111111111111111111111111111111111111111
111111111111111111111111111110000000111111111111111111111111
111111111111111111111111111110000000111111111111111111111111
111111111111111111111111111110000000111111111111111111111111
111111111111111111111111111110000000111111111111111111111111
111111111111111111111111111110000000111111111111111111111111
111111111111111111111111111110000002111111111111111111111111
111111111111111111111111111110000022211111111111111111111111
111111111111111111111111111111111122211111111111111111111111
111111111111111111111111111111111122211111111111111111111111
111111111111111111111111111111111122211111111111111111111111
111111111111111111111111111111111122211111111111111111111111
111111111111111111111111111111111122211111111111111111111111
111111111111111111111111111111111122211111111111111111111111
111111111111111111111111111111111122211111111111111111111111
111111111111111111111111111111111122211111111111111111111111
111111111111111111111111111111111122211111111111111111111111
111111111111111111111111111111111122211111111000000000111111
111111111111111111111111111111111122211111111000000000111111
111111111111111111111111111111111122211111111000000000111111
111111111111111111111111111111111122211111111000000000111111
111111111111111111111111111111111122211111111000000000111111
111111111111111111111111111111111122211111111000000000111111
111111111111111111111111111111111122211111111000000000111111
111111111111111111111111111111111122211111111200002000111111
111111111111111111111111111111111122211111112220022200111111
110000000001111111111111111111111122211111112221122200001111
110000000002222222222222222222222222211111222222222000001111
110000000022222222222222222222222222220002222222222200001111
110000000002222222222222222222222222200000222222222000001111
110000000001111111111111111111111111000000111111110000001111
110000000001111111111111111111111111000000111111110000001111
110000000001111111111111111111111111000000222221111111111111
110000000002222222211111111111111111200002222222111111111111
110000000022222222221111111111111112221111222222111111111111
111111111112222222220000001111111112221111111222111111111111
111111111111111111200000001111111112221111111222111111111111
111111111111111111000000001111111112221111111222111111111111
111111111111111111000000001111111112221111111222111111111111
111111111111111111000000022222222112221111111222111111111111
111111111111111111000000222222222202220011111222111111111111
111111111111111111000000022222222000200222222222111111111111
111111111111111111000000001111110000002222222222000000111111
111111111111111111111111111111110000000222222220000000111111
111111111111111111111111111111110000000011111100000000111111
111111111111111111111111111111110000000011111100000000111111
111111111111111111111111111111110000000011111100000000111111
111111111111111111111111111111110000000011111100000000111111
111111111111111111111111111111111111111111111100000000111111
111111111111111111111111111111111111111111111100000000111111
111111111111111111111111111111111111111111111111111111111111
