111111111111111111111111111111111111111111111111111111111111
111111111111111111111111111111111111111111111111111111111111
111111111111111111111111111111111111111111111111111111111111
111111111111111111111111111111111111111111111111111111111111
111111111111111111111111111111111111111111111111111111111111
111111111111111111111111111111111111111111111111111111111111
111111111111111111111111111111111111111111111111111111111111
111111111111111111111111111111111111111111111111111111111111
111111111111111111111111111111111111111111111111111111111111
111111111111111111111111111111111111111111111111111111111111
111111111111111111111111111111111111111111111111111111111111
111111111111111111111111111111111111111111111111111111111111
111111111111111111111111111111111111111111111111111111111111
100000000011111111111111111111111111111111111111111111111111
100000000011111111111111111111111111111111111111111111111111
100000000011111111111111111111111111111111111111111111111111
100000000011111111111111111111111111111111111111111111111111
100000000011111111111111111111111111111111111111111111111111
100000000222221111111111111111111111111111111111111111111111
100000002222222000000001111111111111111111111111111111111111
100000000222220000000001111111111111111111111111111111111111
100000000011110000000001111111111111111111111111111111111111
111111111111110000000001111111111111111111111111111111111111
111111111111110000000001111111111111111111111111111111111111
111111111111110000000001111111111111111111111111111111111111
111111111111110000000001111111111111111111111111111111111111
111111112222220000000002222222222222221111111111111111111111
111111122222222000000022222222222222222111111111111111111111
111111122222222211111112222222222222222111111111111111111111
111111122211122211111111111111111111222111111111111111111111
111111122211122211111111111111111111222111111111111111111111
111111122211122211111111111111111111222111111111111111111111
111111122200022200011111111111111111222111111111111111111111
111111122200002000011111111111111111222111111111111111111111
111111122200000000011111111111111111222111111111111111111111
111111122200000000011111111111111111222111111111111111111111
111111122200000000011111111111111111222111111111111111111111
111111122200000000011111111111111111222111111111111111111111
111111122200000000011111111111111111222111111111111111111111
111111122220000000011111111111111111222111111111111111111111
111111122222000000011111111111111111222111111111111111111111
111111122222111111111111111111111111222111111111111111111111
111111122222111111111111111111111111222111111111111111111111
110000022222111111111111111111111111222111111111111111111111
110000002221111111111111111111111111222000000111111111111111
110000000111111111111111111111222222220000000111111111111111
110000000111111111111100000002222222222000000111111111111111
110000000111111111111100000000222222220000000111111111111111
110000002222211111111100000000011111100000000111111111111111
110000022222221111111100000000011111100000000111111111111111
111111122222221111111100000000011111100000000111111111111111
111111122222221111222220000000011111100000000111111111111111
111111122222220002222222000000011111111111111111111111111111
111111112222200000222220000000011111111111111111111111111111
111111111111000000011100000000011111111111111111111111111111
111111111111000000011111111111111111111111111111111111111111
111111111111000000011111111111111111111111111111111111111111
111111111111000000011111111111111111111111111111111111111111
111111111111000000011111111111111111111111111111111111111111
111111111111111111111111111111111111111111111111111111111111
