111111111111111111111111111111111111111111111111111111111111
111111111111111111111111111111111111111111111111111111111111
111111111111111111111111111111111111111111111111111111111111
111111111111111111111111111111111111111111111111111111111111
111111111111111111111111111111110011111111111111111111111111
111111111110011111111111111111100001111111111111111111111111
111111111100001111111111111111100001111111111111111111111111
111111111000001111111111111111100011111111111111111111111111
111111110000000111111111111111100011111111111111111111111111
111110000000000000111111111111100001111111111111111111111111
111100000000000000011111111111100001111111111111111111111111
111100000000000000011111111111000000111111111111111111111111
111100000000000000011111111110000000000111111000000011111111
111100000001111000001111111110000000000011110000000011111111
111000000011111100001111111110000000000000000000000111111111
111000000111111100001111111110000000000000000000001111111111
111100000111111110001111111110000000000000000000011111111111
111100001111111110011111111110000000000000000000011111111111
111100011111111110011111111111000000000000000000011111111111
111100011111111111001111111111000000000000000000001111111111
111111111111111111000111111111000000000000000000000110011111
111111111111111110000111111111000000000000000000000000001111
111111111111111100000111111111000000000000000000000000001111
111111111111000000000111111111100000000000000000000000011111
111111111110000000001111111111111000000000000000000000111111
111111111100000000011111111111111100000000000000000000111111
111111111100000000111111111111111100000000000000000001111111
111111111110000001111111111111111000000000000000000011111111
111111111110000001111111111110000000000000000000000011111111
111111111110000000111111111100000000000000000000000001111111
111111111110000000000001111100000000000000000000000000000111
111111111100000000000000111100000000111000000000000000000011
111111111000000000000000011000000001111110000000000000000011
111111111000000000000000000000000001111111000000000000000111
111111111000000000000000000000000001111111000000000000001111
111111111000000000000000000000000001111111100000000000001111
111111111100111000000000000000000001111111111000000000001111
111111111111111100000000000000000000111111111100000000000111
111111111111111100000000000000000000011111111100000000000011
111111111111111000000000000000000000011111111100000110000011
111111111111110000000000000000000000011111111110001111000011
111111111111110000000000000000000000011111111111111111000011
111111111111111000000000000000000000001111111111111110000011
111111111111111000000000000000000000001111111111111110000011
111111111111111100000000000000000000001111111111111110000011
111111111111111111000000000000000000000111111111111110000011
111111111111111111100000000000000000000000011111111110000011
111111111111111111100000000000000000000000001111111110000011
111111111111111111100000000000000000000000001111111110000011
111111111111111001110000000011000000000000001111111100000011
111111111111110000111000000111100000000000000111111100000111
111111111111110000011100001111110000000000000011111100000111
111111111111111000011100001111110000000000000001111100000111
111100111111111000011110001111100000000000000001111110000011
111000011111111100111110001111000000000000000001111110000011
111000000111111111111110001110000000000000000000111110000011
111100000001111111111111111110000000000000000000111111000011
111111110001111111111111111111000000000000000001111111100111
111111111111111111111111111111111111100000000011111111111111
111111111111111111111111111111111111111111111111111111111111
