11111111111111111111111111111111111111111111111111
11111111111111111111111111111111111111111111111111
11111111111111111111133311111111111111111111111111
11111111111111111111455431111111111111111111111111
11111111111111111134565432111111111111111111111111
11111111111111111355554433311112211111111111111111
11111111122111113454555434431133321111111111111111
11111111244311134544455544433344443321111111211111
11111111455544455445555555543344454443111113331111
11111111355554454344455665444555655444411134332111
11111111244554445555556655444456665444433455541111
11111111244544434555566655544455445555434455541111
11111111345555444455555545554431124555445555541111
11111111355555545556555445555311113455555555443111
11111111356543345555555545555311111233345445434211
11111111145531134544456656654321111111245554433211
11111111135541113454455555544332111111145555554211
11111111124431111344445454555431111111134555555311
11111111144441111134444444455431111111334455555311
11111111245542111123455544454421111112333334555311
11111111245553111113455554445431111123321113554211
11111111134454311113565554355531111333311111332111
11111111124454211113555544444431112443211111111111
11111111134554111113545544444421112454311111111111
11111111135553111114665444444531111344321111111111
11111111124554111114564444555531111134443111111111
11111111112343311134455545545531111114553111111111
11111111111124532344455555555541111113443111111111
11111111111113454445455455555531111112454311111111
11122111111114555434444444455432111111233331111111
11344311111134455555554445655442111111112343111111
12554411111124444555654454555442111111111232111111
13544421111144555555555444555432111111111111111111
13544431111245555554444444555541111222111111111111
13555421111345554444444544456643113343111111111111
13455521111355554544344444445443334444211111111111
11454531111245544545455444554444444443211111111111
11454421111134554445565444444444455554111232211111
12454311111113555555554555543233456664122344431111
12454311111113455666655555431112345654222345421111
11354331111112465566665554311111345554222244311111
11354443111111355665555544311111234455422233211111
11344543211111145555444445311111234456422111111111
11234544321111135444444555311111344566411111111111
11134555443311135555455555311111344555431111111111
11113444444443344444455554211111344445543111111111
11111243333444445444556554311111345555553111111111
11111123444444443334556554211111133333321111111111
11111112323333222112333332111111111111111111111111
11111111111111111111111111111111111111111111111111
