111111111111111111111111111111111111111111111111111111111111
111111111111111111111111111111111111111111111111111111111111
111111111111111111111111111111111111111111111111111111111111
111111111111111111111111111111111111111111111111111111111111
111111111111111111111111111111111111111111111111111111111111
111111111111111111111111111111111111111111111111111111111111
111111111111111111111111111111111111111111111111111111111111
111111111111111111111111111111111111111111111111111111111111
111111111111111111111111111111111111111111111111111111111111
111111111111111111111111111111111111111111111111111111111111
111111111111111111111111111111111111111111111111111111111111
111111111111111111111111111111111111111111111111111111111111
111111111111111111111111111111111111111111111111111111111111
111111111111111111111111111111111111111111111111111111111111
111111111111111111111111111111111111111111111111111111111111
111111111111111111111111111111111111111111111111111111111111
111111111111111111111111111111111111111111111111111111111111
111111111111111111111111111111111111111111111111111111111111
111111111111111111111111111111111111111111111111111111111111
111111111111111111111111111111111111111111111111111111111111
111111111111111111111111111111111111111111111111111111111111
111111111111111111111111111111111111111111111111111111111111
111111111111111111111111111111111111111111111111111111111111
111111111111111111111111111111111111111111111111111111111111
111111111111111111111111111111111100000000111111111111111111
111111111111111111111111111111111100000000111111111111111111
111111111111111111111111111111111100000000111111111111111111
111111111111111111111111111111111100000000111111111111111111
111111111111111111111111111111111100000000111111111111111111
111111111111111111111111111111122200000000111111111111111111
111111111111111111111111000000222220000020111111111111111111
111111111111111111111111000000022222000222111111111111111111
111111111111111111111111000000001222111222111111111111111111
111111111111111222222222222222222222111222111111111111111111
111111110000002222222222222222222222111222111111111111111111
111111110000000222222222222222222222111222111111111111111111
111111110000002222222222222222222222000222111111111111111111
111111110000000222222222222222222020000222111111111111111111
111111110000000111111111111111222000000222111111111111111111
111111110000000222222222222222222222222222222222222221111111
111111112000002222222222222222222222222222222222222222111111
111111122211111222222222222222222222222222222222222222111111
111111122211111111122211111111222000000222111111111222111111
111111122211111111122211111111222000000222111111111222111111
100000022211111111122211111111222000000222111111111222111111
100000022211111111122211111111222111111222111111111222111111
100000022211111111122211111111222222222222111112222222111111
100000022211111111122211111111222222222222000022222222001111
100000022211111111122211111111122222222220000002222220001111
100000022211111111122211111122222222222200000001111100001111
100000022211111111122200000222222222222220000001111100001111
100000022211111111112000000022222222222200000001111111111111
111111122211122222222222222222222222222200000001111111111111
111111122200222222222222222222222222222220000001111111111111
111111112000022222222222222222222222222211111111111111111111
111111110000001111110000000001111111111111111111111111111111
111111110000001111110000000001111111111111111111111111111111
111111110000001111110000000001111111111111111111111111111111
111111110000001111110000000001111111111111111111111111111111
111111111111111111111111111111111111111111111111111111111111
