1111111111111111111111111111111111111111
1111111111111111111111111111111111111111
1111111111111111111111111111111111111111
1111111111111111111111111111111111111111
1111111111110000000111111111111111111111
1111111111110000000111111111111111111111
1111111111110000002222222111111111111111
1111111111110000022222222200001111111111
1111111111110000002222222000001111111111
1111111111110000020111111000001111111111
1111111111110000222111111200001111111111
1111111111111111222111112220001111111111
1111111111111111222111112221111111111111
1111111111111111222111112221111111111111
1111111111111111222111112221111111111111
1111111111111111222111112221111111111111
1111111111111111222111112221111111111111
1111111111111111222111112221111111111111
1111111111111111222111112221111111111111
1111111111111111222111112221111111111111
1111112222222222222111112221111111111111
1000022222222222220000022221111111111111
1000002222222222200000002211111111111111
1000000111111111100000022222222111111111
1000000111111111100000222222222200000011
1000002111111111100000022222222000000011
1000022211111122200000001111110000000011
1111122211111222220000001111110000000011
1111122211111222211111111111110000000011
1111122211111222111111111111110000000011
1111122211111222111111111111110000000011
1111122211111222111111111111110000000011
1111122220000222111111111111111111111111
1111112200000021111111111111111111111111
1111111100000001111111111111111111111111
1111111100000001111111111111111111111111
1111111100000001111111111111111111111111
1111111100000001111111111111111111111111
1111111100000001111111111111111111111111
1111111111111111111111111111111111111111
