1111111111111111111111111111111111111111111111111111111111111111111111
1111111111111111111111111100111111111111001101111111111111111111111111
1111111111111111111111111000011111111111000000111111111111111111111111
1111111111111111111111111000011111111111000000011111111111111111111111
1111111111001111111111110000111111111111000000011111111111111111111111
1111111110000111111111110000111111111110000000000111111111111111111111
1111111110000111111111100000111111111100000000000011111111111111111111
1111111110000111111111000000111111111100000000000001111111111111111111
1111111100000111111111000000011111111110000000000011111111111111111111
1111111000000011111111000000011111111111100000000001111111111111111111
1110000000000000111111100000011111111111110000000000111111111111111111
1100000000000000111111110000011111111111111110000000111111111111111111
1110000000000000011111111000011111111111111111000000111111111111111111
1111000000000000001111111100011111111001111110000001111111111111111111
1111000000000000001111111100011111110001110000000001111111111111111111
1111100000001000001111111110011111110000000000000001111111000000000111
1111111100011100001111111111001111111000000000000001111110000000000011
1111111110011100001111111111001111111100000000000000111110000000000011
1111111111111110000111111111001111111110000000000001111111000000000011
1111111111111111000011111111001111111111000000000011111110000110000011
1111111111111111000001111111001111111111000000000011111100001111000011
1111111111111111100000111110001111111111000000000011100000001111100011
1111111111111111111000011110000111111111100000000111000000000111000011
1111111111111111111000011111000011111111111000000111000000000000000011
1111111111111111111000011111000011111111111000000111000000000000000011
1111110011111111111100001111000001111111111000000111100000000000000011
1111110001111111111100001111000000111111110000001111110000000000000011
1111111000111111111110011111100000000000000000001111110000000000000111
1111111101111111111111111111111111000000000000011111111001111000001111
1111111111111111111111111111111111111111111111111111111111111111111111
