11111111111111111111111111111111111111111111111111
11111111111111111111111111111111111111111111111111
11111111111111111111111111111111111100011111111111
11111111111111111111111111111111111000001111111111
11111111111111111111111001111111110000000111111111
11111111111111111111110001111111110000000011111111
11111111111111111111100001111111100000000001111111
11111111111111111111000001111111100000000001111111
11111111111111100000000001111111110000000000111111
11111111111111100000010001111111110000000000000111
11111111111111100000111001111111100000000000000011
11111111111111000001111110001111000000000001100011
11111111111100000011111110000000000001100011110111
11111111110000000111111111000000000011111111111111
11111111110011000111111111100000000111111111111111
11111111111111101111111111100000000111111111111111
11111111111001111111111111100000000011111111111111
11111111111001111111111111111110000001111111111111
11111111111111111111111111111111000011111111111111
11111111111111111111111111111111111111111111111111
