1111111111111111111111111111111111111111111111111111111111111111111111
1111111111111111111111111111111111111111111111111111111111111111111111
1111111111111111111111111111111111111111111111111111111111111110001111
1111111111111111111111111111111111111111111111111111111111111110000111
1111111111111111111111111111111111111111111111111111111111111110000011
1111111111111111111111111111111111111111111111111111111111111111000011
1111111111111111111111111111111111111111111100001111111111111110000011
1111111111111111111111111111111111111111111000000111111111111110000011
1111111111111111111111111111111111111111111000000111111111111111000011
1111111111111111111111111111111111111111111000000111111111111111000011
1111111111111111111111111111111111111111111000000111111111111111000011
1111111111111120111111111111111111111111111000000011111111111110000001
1111111111112222021111111111111111111111111000000011111111111102000001
1111100000122220222111111111111111111111111100000001111111111122200001
1111100000222211122221111111111111111111111100000000001111111222000011
1111110000021111112222111111111111111111111000000000001111112221100011
1111111000011111111222211111111111111111111000000000001111122211110011
1111111000111111111112221111111111111111111000000000000111222111110011
1111110001111111111111222111111111111111111100000000000000021111111111
1100000011111111111111020011111111111111111110000000000000011111111111
1100000011111111111111000011111111111111111111000000000000011111111111
1100000111111111111111000011111111111111111111000000000000111111111111
1100001111111111111111000011111111111111111110000000000000111111111111
1100000111111111111111100011111111111111111110000000000000002211111111
1100000011111111111111110001111111111111111111000000000000022221111111
1100000001111111111111110000122222222222222111000000000000002222111111
1100000000111111111111111000222222222222222200000000000000011020011111
1110000001111111111111111000022222222222222000000000000000111100011111
1111111111111111111111111100111111111111111000000000011111111111111111
1111111111111111111111111111111111111111111111111111111111111111111111
