11111111111111111111111111111111111111111111111111
11111111111111111111111111111111111111111111111111
11111111111111111111111111111111111111112111111111
11111111111111111111111000000011111111122211111111
11111111111111111111110000000000111001222001111111
11111111111111111111110000011000011000021111111111
11111111111111111111111000111100011100011111111111
11111111111111111111110000111100011100011111111111
11111111111111111111100000111100000000001111111111
11111111111111111111111001111100000000001111111111
11111111111111111111111100111110000000011111111111
11111111111111112221000001111110000000001111111111
11111110111110022222000011111000000000001111111111
11111100022220002220000001111000000000000111111111
11111100222222001111000001111000000000001111111111
11111111222221111111000001111000000000011111111111
11111111122211111111111000110000000000111111111111
11111111112111111111111001110000000000000011111111
11111111100111111111110001111110000000000011111111
11111111000011111111111000001100000000000111111111
11111111110111111111111000000000000000001111111111
11111111111111111111111111000000000000001111111111
11111111111111111111111111000000000000001111111111
11111111111111111111111110000000000000000111111111
11111111111111111111111111000000000000000001111111
11111111111111111111111111000000000000000001111111
11111111111111111111111111100000000000000001111111
11111111111111111111111111100000000000000000001111
11111111111111111111111111110000000000000000011111
11111111111111101111111111111000000100000000111111
11110000111111000111111111111000001110000000011011
11111000111110000011111111110000001110000000000011
11111100111111100001111111110000000100011000000011
11111100001111112000111111110000000000011000000011
11111110000111122200111111100000000000011100000001
11111110000001122211111111000000000000111110000011
11111110000001112221111111000000000000111111001111
11111110000001111211111111000000000000001111111111
11111110000000110001111111100000000000001111111111
11111110000000011001111111110000000000011111111111
11111110000000011000000111100000000000111111111111
11111120000000011000000001000000000000011111111111
11112222111000001000000000000000000000000111111111
11122221111100000000000000000001000000000011111111
11222211111000000000000000000011100000000001111111
12221111110000000000000000000011100000000001111111
10211111110000000000000000000111000000111111111111
10011111110000000000000000000111100000111111111111
11111111111110001100001111101111111111111111111111
11111111111111111111111111111111111111111111111111
