1111111111111111111111111111111111111111
1111111000000111111111111111100000011111
1111111000000111111111111111100000011111
1111111000000111111111111111100000011111
1111111000000111111111111111100000011111
1111111000002111111111112222220000011111
1111111200022222221111122222222000011111
1111112221122222222000022222222111111111
1111112221112222220000002222221111111111
1111112221111111110000000111111111111111
1111112221222222220000000111111111111111
1111002222222222222000000111111111111111
1111000200222222220000000111111111111111
1111000002222222222000000111111111111111
1111000002222222222211111111111111111111
1111000002221111122211111111111111111111
1111200002221111122211111111111111111111
1112220002221111122211111111111111111111
1112221112221111122211111111111111111111
1112221112221111122211111111111111111111
1112221112221111122200000111111111111111
1112221112221111112000000111111111111111
1112221112221111110000000111111111111111
1112221112221111110000000111111111111111
1112221112221111110000000111111111111111
1112221112221111112000000111111111111111
1112221112221111122200000111111111111111
1112221112221111122211111111111111111111
1112221112221111122211111111111111111111
1112221112221111122211111111111111111111
1112221112222222222211111111111111111111
1110200002222222222211111111111111111111
1110000000222222222111111111111111111111
1110000000011111111111111111111111111111
1110000000011111111111111111111111111111
1110000000011111111111111111111111111111
1110000000011111111111111111111111111111
1110000000011111111111111111111111111111
1110000000011111111111111111111111111111
1111111111111111111111111111111111111111
