11111111111111111111111111111111111111111111111111
11111111111111111101111111111111100111111111111111
11111111111111111000111111111111100011111111111111
11111111111111110201111111111111100111111111111111
11111111111111112221111111111111000111111111111111
11111001111111112221111111110000001111111111111111
11111200111110012221111111100000011111111111111111
11112220111110000211111111100000111111111111111111
11112221111110000001111122000001111100111110111111
11111222111100000000012222200011110000111100011111
11111120011000000000022222000011100000000000011111
11111000011000000000002211000001100000000000011111
11000000010000000000011111110000000000000000001111
10000000000000000000111111100000000000000100000011
11000000000000000000001111000000000000001100000011
11000000000000000000001110000000000000001100000011
11100000000000000000001110000000000000001110000011
11110000000000000000001110001110000000011111000011
11111110000000000000001110011111000000111111120111
11111110011111000000001100111111120001111111222111
11111100111111100000001111111111222111111112221111
11111100111111110000001111111111122211111112221111
11111111111111111110001111111111122211111110211111
11111111111111111110011111111111102001111110001111
11111111111111111111111111111111100011111111001111
11111111111111111111111100111111100111111111111111
11111111111111111111111100221111000001111111111111
11111111111111111111111112222110000000111111111111
11111111111111111111111100222200000000111111111111
11111111111111111111111000112000000000011111111111
11111111111111111111111101111111100000001111111111
11111111111111111111111111111111110000000111111111
11111111111111111111111111111111100000000111111111
11111111111111111111111111111111100000001111111111
11111111111111111111111111111111000000001111111011
11111111111111111111111111111110000000011111110011
11111111111111111111111111111110000000011111100011
11111111111111111111111111111111100000001111100011
11111111111111111111111111111111110000000011000011
11111111111111111111111111111111110000000000000011
11111111111111111111111111111111100000000000000011
11111111111111111111111111111111100000000000000011
11111111111111111111111111111111000000000000000011
11111111111111111111111111111111120000000000000011
11111111111111111111111111111111222000000000000011
11111111111111111111111111111112221100111000000011
11111111111111111101122222222100211111111100000011
11111111111111111000222222222200011111111100000011
11111111111111111100022222222111111111111111100111
11111111111111111111111111111111111111111111111111
