111111111111111111111111111111111111111111111111111111111111
111111111111111111111111111111111111111111111111111111111111
111111111111111111111111111111111111111111111111111111111111
111101111111111111111111111111111110111111111111111111111111
111000111111111111110001111111111100011111111111111111111111
111000011111111111100000111111111000001111111111111111111111
111000001111111100000000111111111000000001111111111111111111
111000000011111000000000111111111000000000111111111111111111
110000000001110000000000011111110000000000111111111111111111
110000000000000000000000001111000000000000011111111111111111
111000000000000000000000000000000000000000000011111111111111
111000000000000000000000000000000000000110000011111111111111
111000000000000000000000000000000000001110000111111111111111
111100000000000000000000000000000000001111001111111111111111
111110000000000001100000000000000000000111111111111011111111
111111000000000001110000000000000011000011111111110001110111
111111000000000001111000000000000111100001111111100000000011
111111100000000011111100000000000111110011111111100000000011
111111111000000011111110000000000011111111111111100000000111
111111111100000011111110000000000011111111111111110000000111
111111111110000011111111000000000011111111111111111000001111
111111111111000111111111100000000011111111111111111100111111
111111111111100111111111110000000011111111111111111111111111
111000111111111111111111111110000011111111111111111111111111
111000011111111111111111111111000011111111111111111111111111
111000000001111111111111111111100001111111111111111111111111
111000000000011111111111111111100001111111111111111111111111
110000000000001111111111111111100000111111001111111111111111
100000000000001111111111001111110000011110000001111111111111
100000000000000111111111000111111000011110000000000011111111
110000000000000000011111000111111000011110000000000011111111
111000000000000000001111000111111000111111000000000011111111
111000000000000000000110000111111100111111000000000111111111
111100000000000000000000000111111100111110000000001111111111
111100000000000000000000000111111100011100000000011111111111
111100000000000000000000001111111100011100000000011111111111
111000000000000000000000000111111100011110000000000000111111
111000000000000000000000000011111100111111000000000000011111
111000000000000000000000000011111100111111111110000000011111
111000000000000000000000000001111100011111111110000000111111
110000000000000000000000000001111000001111111110000000111111
110000000111111100000000000000110000000111111111000000011111
111000000111111110000000000001110001000111111111110000000111
111100000111111110000000000001110011100011111111111000000011
111110000111111000000000000001110001000011111111111100000011
111110000011110000000000000000000000000011111111111110000011
111111000111110000000000000000000000000011111111111111000011
111111111111110000000000000000000000000001111111111111100111
111111111111100000000001111000000000000000111111111111111111
111111111111000000000011111100000000000000000111111111111111
111111111111000100000011111100000000000000000011111111111111
111111111111111110000011111110000000000000000011111111111111
111111111111111110000011111110000000000000000011111111111111
111111111111111111000001111110000000000000000111111111111111
111111111111111111100001111111000000010000000011111111111111
111111111111111111100000111111111000111000000000111111111111
111111111111111111000000111111111101111100000000011111111111
111111111111111111100001111111111111111110000000011111111111
111111111111111111111111111111111111111111111100111111111111
111111111111111111111111111111111111111111111111111111111111
