1111111111111111111111111111111111111111111111111111111111111111111111
1111111111111111111111111111111111111111111111111111111111111111111111
1111111000011111111111111111111111111111111111111111111111111111111111
1111110000000001110011111111111111111111111111111111110011111111111111
1111110000000000000001111111111111111111111111111111100001111111111111
1111110000000000000000111111111111111111111111111111000000111111111111
1111110000000000000000011111111111111111111111111110000000111111111111
1111110000000000000000011111111111111111111111111100000001111111111111
1111111000000000000000111111111111111111111111111100000111111111111111
1111111000000000000001111111111111111111111110011000001111111111111111
1111110000000000000001111111111111111111111100000000001111111100001111
1111110000000000000000111111111111111111110000000000000111111000000111
1111111000000000000000011111111111111111100000000000000111111000000011
1111111000000000000000011111111111111111000000000000001111111000000011
1111111100000000000000011111111111111111000000000000000111111000000011
1111111110000000000000001111111111111111100000000000000000111000000011
1111111110000000000000000110001111111111110000000000000000010000000011
1111111111000000000000000000000111111111111110000000000000000000000111
1111111111111100000000000000000011111111111111000000000000000000000111
1111111111111110000000000000000011111111111111100000000000000000000111
1111111111111110000000000000000111111111111111111000000000000000001111
1111111111111100000000000000001111111111111111111100000000000000001111
1111111111111100001100000000001111111111111111111100000000000000000111
1111111111111110011110000000011111111111111111111000000000000000000011
1111111111111111111110000000011110011111110011110000000000000000000011
1111111111111111111100000000001100001111100001110000000000000000000111
1111111111111111111000000000000000000111100000000000000000000000001111
1111111111111111111000000000000000000001110000000000000000000000001111
1111111111111111110000000000000000000000111000000000000000000000001111
1111111111111111110000000000000000000000010000000000000000000000001111
1111111111111111110000000000000000000000000000000000000000000000001111
1111111111110011111000000000000000000000000000000000000000000000000111
1111111111100001111100000000000000000000000000000000000000000000000011
1111111111000000111110000000000000000000000000000000000000000000000011
1111111100000000111110000000000000000000000000000011000000000000000011
1111111000000001111100000000000000000000000001100111100000000000000011
1111111000001111111100000000000000000000000011111111110000000000000001
1111111100011111111110000000111000000000000111111111110000000000000001
1111111111111111111111111111111110000011111111111111111000001111000011
1111111111111111111111111111111111111111111111111111111111111111111111
