11111111111111111111111111111111111111111111111111
11111111111111111111111111111111111111111111111111
11111111111111111111111111111111111111111111111111
11111111111111111111100111111111111111111111111111
11111111111111111112200011111111111111111111111111
11111111111111122222220001111111111111111110000011
11111111111001222222200001111111111111111100000001
11111111110002222221110001111001111111111100000001
11111111110200211111110000110000111111111000000001
11111111112221111111110000000000111111110000000001
11111111122211111111110000000000011111110000000001
11111111222111111111111000000000001111111000000001
11111112221111111111111100000000001111111102000011
11111122211111111111111111100000001111111122201111
11111002111111111111111111110000011111111222111111
11110000111111111111111111111000011111111222111111
11110000111111111111111111111000001111112221111111
11111001111111111111111111111000000011112221111111
11111111111111111111111111111000000001122211111111
11111111111111111111111111111000000000002111111111
11111111111111111111111111111100000000000011111111
11111111111111111111111111111110000000000011111111
11111111111111111111111111111111111000000011111111
11111111111111111111111111111111111100000001111111
11111111111111111111111111111111111100000001111111
11111111111111111111111111111111111110000011111111
11111111111111111111111111111111111111000111111111
11111111111111111111111111111111111111001111111111
11111111111111111111111111111111111110001111111111
11111111111111111111111111111111111110001111111111
11111111111111111111111111111111001110001111111111
11111111111111111111100011111110000110001111111111
11111111111111111111000001111120000110000111111111
11111111111111111111000001122222000111000011111111
11111111111111111111000002222221000011100000111111
11111111111111111111100022222211100011110000011111
11111111111111111111100002211111100001110000001111
11111111111111111111100001111111000001110000001111
11111111111111111111100011111111000001100000000111
11111111111111111111100011111111000001100000000011
11111111111111111111000011111111000011110000000011
11000111111111111110000111111111000011110000000011
10000011111111111100001111111111000011100000000011
10000001111111111100011111111111100000000000000011
11000000000111111100011111111111110000000000000011
11111000000022222200001111111111111000000000000111
11111100000222222220001111111111111000000000001111
11111110000022222210011111111111111100000000011111
11111111000011111111111111111111111111111001111111
11111111111111111111111111111111111111111111111111
