111111111111111111111111111111111111111111111111111111111111
111111111111111111111111111111111111111111111111111111111111
111111111111111111111111111111111111111111111111111111111111
111111111111111111111111111111111111111110000000011111111111
111111111111111111111111111111111111111110000000011111111111
111111111111111111111111111111111111111110000000011111111111
111111111111111111111111111111111111111110000000011111111111
111111111111111111111111111111111111111110000000022222111111
111111111111111111111111111111111111111110000000222222200001
111111111111111111122222222222222222222222000000022222000001
111111111111111111222222222222222222222222200000011110000001
111111111111111111222222222222222222222222211111111110000001
111111111111111111222222222222222222222222211111111110000001
111111111111100000222222222222222222222222211111111110000001
111111111111100000022222222222222222222222211111111111111111
111111111111100000001111111112221111111022200011111111111111
111111111111100000001111111112221111111022200011111111111111
111111111111100000001111111112221111111022200011111111111111
111111111111100000001111111112221111111022200011111111111111
111111111111100000001111111112221111111022200011111111111111
111111111111111111111111111112221111111222200011111111111111
111111111111111111111111111112221111112222200011111111111111
111111111111111111111111111112221111112222211111111111111111
111111111111111111111111111112221111112222211111111111111111
111111111111111111111111111112221111112222211111111111111111
111111111111111111111111110002221111112222211111111111111111
111111111111111111111111110000211111112222211111111111111111
111111111111111111111111110000011111112222211111111111111111
111111111111111111111111110000222222222222211111111111111111
111111111111111111111111110002222222222222211111111111111111
111111111111111111111111111111222222220002011111111111111111
111111111111111111111111111111111111110000011111111111111111
111111111111111111111111111111111111110000011111111111111111
111111111111111111111111111111111111110000011111111111111111
111111111111111111111111111111111111111111111111111111111111