11111222222222222222222222222222222222222111111111
11002222222222222222222222222222222222222200000011
11000222222222222222222222222222222222222200000011
11000011111111111120002222222222222222222000000011
11000011111111111100000111111000000111111000000011
11000011111111111100000111111000000111111000000011
11000011111111111100000111111000000111111000000011
11000011111111111100000111111000000111111000000011
11000011111111111100000111111000000111111000000011
11200011111111111100000111111000000111111000000011
12221111111111111100000111111000000111111111111111
12221222222222222202222222222200000111111111111111
12222222222222222222222222222220000111111111111111
12222222222222222222222222222222222222222111111111
12222222222222222222111111112222222222222200000011
11200222222222222222111111112222222222222000000011
11000011111111111222111111112221111111111000000011
11000011111111111222112222222221111222222200000011
11000011111111111222022222222220002222222220000011
11000011111111111120022222222200000222222200000011
11000011111111111100022211111000000111111000000011
11000222222222222200022211111000000111111200000011
11202222222222222220022211111200000111112220000011
12222222222222222222122211112221111111112221111111
12222221111111111222122211112221111111112221111111
12222221111111111222122211112221111111112221111111
12222221111111111222122211112221111111112221111111
12222222222222222222122222222221111222222221111111
12222222222222222222022222222220002222222221111111
11200222222222222220002222222200000222222221111111
11000011111111111100000111111000000111112221111111
11000011111111111100000111111000000111112221111111
11000011111111111100000111111000000111112221111111
11000011111111111100000111111000000111112221111111
11000011111111111100000111111000000111112220000011
11000011111111111100000111111000000111111200000011
11000011111111111100000111111000000111111000000011
11000011111111111100000111111000000111111000000011
11000011111111111100000111111000000111111000000011
11000011111111111100000111111000000111111000000011
11000011111111111100000111111000000111111200000011
11022222222222222220000111111200000111112220000011
11222222222222222222000111112220000111112221111111
12222222222222222222111111112221111111112221111111
12221111111111111222111111112221111111112221111111
12221111111111111222111111112221111111112221111111
12221111111111111222111111112221111111112221111111
12221122222222222222222222222222222222222221111111
12220222222222222222222222222222222222222221111111
11200022222222222222222222222222222222222221111111
11000011111111111100022222222222222222222221111111
11000011111111111100022222222222222222222220000011
11000011111111111100002222222222222222222200000011
11000011111111111100000111111000000111111000000011
11000011111111111100000111111000000111111000000011
11000011111111111100000111111000000111111000000011
11000011111111111100000111111000000111111000000011
11111111111111111111111111111111111111111000000011
11111111111111111111111111111111111111111000000011
11111111111111111111111111111111111111111111111111