1111111111111111111111111111111111111111111111111111111111111111111111
1111111111111111111111111111111111111110111111111111111111111111111111
1111111111111111111110011111111111111110011111111111111111111111100111
1111111111111111111100001111111111111110011111111111111111111111000011
1110021111111111111100001111111111111110011111111111111111111000000011
1100222111111111111100011111111111111110011111111111111111111000000111
1100022211111110001000111111111111111110001111111111111111111000000111
1100012221111120000000011111111111111110001111111111111111111100000111
1100011222112222000000001111111111111120011111111111111111111100000011
1100111122222221111110000111111111111222111111111111111111111100000011
1001111112222211111110000111111111112221111111111111111111111100000011
1111111111021111111110001111111111122211111111111111111111111100000111
1111111111001111111111000001111111122211111111111111111111111000000111
1111111111001111111111100000110011222111111111111111111111111000000111
1111111111000111111111100000000000021111111111111111111111111200000111
1111111111100011111111110000000000011111111111111111111111112220000111
1111111111100011111111111000000000001111000002111111111111122211101111
1111111111100011111111111111100000000111200022221111111111222111111111
1111111111110111111111111111100000000012220002222111111111020111111111
1111111111111111111111111111100110000022200000222211111122000111111111
1111111111111111111111111111000111000002110000112222111222201111111111
1111111111111111111111111112000111000000111001111222202222111111111111
1111111111111111111111111122200111100000011111111122022211111111111111
1111111111111111111111111222111111110000011111111111002011111111111111
1111111111111111002222222020111111111000011111111111000001111111111111
1111111111111110022222222200111111111000011111111110000000111111111111
1111111111111110002222222100111111110000011111111110000000111111111111
1111111111111111000111111111111111110000111111111111000000011111111111
1111111111111111111111111111111111111001111111111111111100111111111111
1111111111111111111111111111111111111111111111111111111111111111111111
